{
    "coef_0": -0.017117859122738412,
    "coef_1": -0.08862904233302027,
    "coef_2": -0.01971632048106126,
    "coef_3": 0.027856789216433774,
    "coef_4": 0.017225352313258023,
    "coef_5": 0.02965012877410188,
    "coef_6": -0.21528729174919256,
    "coef_7": 0.03947756313682624,
    "coef_8": -0.010059418887389874,
    "coef_9": 0.19520743917461983
}